"","current_seq_name","a_ratio","c_ratio","g_ratio","t_ratio","date"
"2","OR077306.1 |Bovine coronavirus isolate HMsz2207, complete genome",0.273568779229157,0.152878567972908,0.217803580067731,0.355749072730205,NA
"3","OR077307.1 |Bovine coronavirus isolate ZJ2303G, complete genome",0.273472020641832,0.152427027898726,0.217900338655056,0.356200612804386,NA
"4","OR077308.1 |Bovine coronavirus isolate RG23F3, complete genome",0.27443729903537,0.152668810289389,0.217491961414791,0.35540192926045,NA
"5","OR077309.1 |Bovine coronavirus isolate AHFY2302G, complete genome",0.273513095084505,0.152399690362534,0.21787511288866,0.356212101664301,NA
"6","OR077310.1 |Bovine coronavirus isolate YC2304G, complete genome",0.273472020641832,0.152556039348492,0.21757781003064,0.356394129979036,NA
"7","OR077311.1 |Bovine coronavirus isolate XJCJ2301G, complete genome",0.273793749798016,0.152150728759332,0.217561322431568,0.356494199011085,NA
"8","OR077312.1 |Bovine coronavirus isolate HBLF2302, complete genome",0.273337400854179,0.153206383866928,0.217526733245561,0.355929482033332,NA
"9","OR077313.1 |Bovine coronavirus isolate GZBJ2207, complete genome",0.273519948519949,0.152767052767053,0.218018018018018,0.355694980694981,NA
"10","OR077314.1 |Bovine coronavirus isolate HBSJZ2112, complete genome",0.274446835158483,0.152477600436751,0.217669160859372,0.355406403545393,NA
"11","OR077315.1 |Bovine coronavirus isolate HBSJZ2202, complete genome",0.274087180312048,0.151906064018015,0.217854270548496,0.356152485121441,NA
"12","OR077316.1 |Bovine coronavirus isolate JSYZ2209, complete genome",0.273708211567488,0.152477600436751,0.217572818651851,0.35624136934391,NA
"13","OR077317.1 |Bovine coronavirus isolate ZJNB2106, complete genome",0.273258614599056,0.153184109958573,0.218118757827804,0.355438517614567,NA
"14","OR088593.1 |Bovine coronavirus isolate BCoV/YN1LC/2023, complete genome",0.273360642518466,0.152985194981131,0.218172434925652,0.355481727574751,NA
"15","ON544072.1 |Bovine coronavirus isolate DTA28-kidney/2021, complete genome",0.273640814223138,0.152699046637465,0.218017263591858,0.355642875547539,NA
"16","ON544073.1 |Bovine coronavirus isolate DTA28-rectum/2021, complete genome",0.273640814223138,0.152699046637465,0.218017263591858,0.355642875547539,NA
"17","OQ718861.1 |UNVERIFIED: Bovine coronavirus isolate BCoV/SWUN/XHD5/2022, complete genome",0.274040166338932,0.152154991779762,0.217530060281745,0.356274781599562,NA
"18","OQ507475.1 |UNVERIFIED: Bovine coronavirus isolate Nes_2012-01-03, complete genome",0.273829094542759,0.152628694839313,0.217773909679915,0.355768300938014,"2012-01-03"
"19","OP004056.2 |Bovine coronavirus isolate CH-4-22-01, complete genome",0.2744700045106,0.151942779818287,0.217894194213545,0.355693021457568,NA
"20","OP924545.1 |Bovine coronavirus isolate BCoV/NMG1/2022, complete genome",0.273572120038722,0.152404001290739,0.21784446595676,0.356179412713779,NA
"21","OP866726.1 |Bovine coronavirus isolate BCoV_China/BCoV cattle_B277b/2021, complete genome",0.273861328691616,0.152886568030171,0.217806143828772,0.355445959449441,NA
"22","OP866727.1 |Bovine coronavirus isolate BCoV_China/BCoV cattle_F226/2021, complete genome",0.273699813108204,0.152606818328285,0.218051169684862,0.355642198878649,NA
"23","OP866728.1 |Bovine coronavirus isolate BCoV_China/BCoV cattle_B298/2021, complete genome",0.27422368251514,0.152235536657647,0.217433320448396,0.356107460378817,NA
"24","OP866729.1 |Bovine coronavirus isolate BCoV_China/BCoV cattle_B277a/2021, complete genome",0.273893149448991,0.152832377392537,0.217890056067539,0.355384417090933,NA
"25","OP296992.1 |Bovine coronavirus isolate p95, complete genome",0.273910801753029,0.152101056973447,0.218323021397267,0.355665119876257,NA
"26","ON142315.1 |Bovine coronavirus isolate BCoV1/2021/CHN, complete genome",0.273252063983488,0.152605779153767,0.217911506707946,0.356230650154799,NA
"27","ON142316.1 |Bovine coronavirus isolate BCoV3/2021/CHN, complete genome",0.273621412447598,0.152660432118671,0.217865204772654,0.355852950661077,NA
"28","ON142317.1 |Bovine coronavirus isolate BCoV4/2021/CHN, complete genome",0.2735045492676,0.152577918306769,0.217816351551913,0.356101180873718,NA
"29","ON142318.1 |UNVERIFIED: Bovine coronavirus isolate BCoV5/2021/CHN, complete genome",0.273501241575027,0.152826598729401,0.217936728046696,0.355735431648876,NA
"30","ON142319.1 |Bovine coronavirus isolate BCoV6/2021/CHN, complete genome",0.273266114744065,0.152498147730567,0.218052378958219,0.356183358567149,NA
"31","ON142320.1 |Bovine coronavirus isolate BCoV7/2021/CHN, complete genome",0.273316563467492,0.152670278637771,0.217943756449948,0.356069401444788,NA
"32","ON792941.1 |Bovine coronavirus strain ABGEB0-52, complete genome",0.274893234434704,0.15271489580323,0.216806344925023,0.355585524837042,NA
"33","ON792942.1 |Bovine coronavirus strain ABGEB0-54, complete genome",0.274048063913408,0.152535274788996,0.217576187101347,0.35584047419625,NA
"34","ON792943.1 |Bovine coronavirus strain ABGEB0-56, complete genome",0.274233049755091,0.152455529775715,0.217162928589843,0.35614849187935,NA
"35","ON792944.1 |Bovine coronavirus strain ABGEB0-59, complete genome",0.27450917075691,0.152060191165074,0.217708602428313,0.355722035649703,NA
"36","ON792945.1 |Bovine coronavirus strain ABGEB0-62, complete genome",0.274859046642747,0.152838288057406,0.217228344438749,0.355074320861097,NA
"37","ON792946.1 |Bovine coronavirus strain ABGEB0-66, complete genome",0.274687087744136,0.152257151130989,0.217317159496766,0.355738601628109,NA
"38","ON792947.1 |Bovine coronavirus strain ABGEB0-70, complete genome",0.274427738965262,0.152441969028685,0.217121148707382,0.35600914329867,NA
"39","ON792948.1 |Bovine coronavirus strain ABGEB0-72, complete genome",0.274638379942141,0.152876888460302,0.217197042751527,0.35528768884603,NA
"40","ON792949.1 |Bovine coronavirus strain ABGEB0-74, complete genome",0.2744385095566,0.152551644249952,0.217356329236116,0.355653516957333,NA
"41","ON792950.1 |Bovine coronavirus strain ABGEB0-78, complete genome",0.274752555050456,0.152400296611536,0.217300190218267,0.355546958119741,NA
"42","ON792951.1 |Bovine coronavirus strain ABGEB0-79, complete genome",0.274372182871861,0.152124919510625,0.217482292337411,0.356020605280103,NA
"43","ON792952.1 |Bovine coronavirus strain ABGEB0-81, complete genome",0.274450584757743,0.152647474617658,0.217581287752217,0.355320652872381,NA
"44","ON792953.1 |Bovine coronavirus strain ABGEB0-88, complete genome",0.274749686101542,0.152441969028685,0.217056759280126,0.355751585589646,NA
"45","ON792954.1 |Bovine coronavirus strain ABGEB0-110, complete genome",0.274539482158959,0.152260723946928,0.217312894499549,0.355886899394564,NA
"46","ON792955.1 |Bovine coronavirus strain ABGEB0-116, complete genome",0.274355346923027,0.152305317985982,0.217381518873384,0.355957816217607,NA
"47","ON792956.1 |Bovine coronavirus strain ABGEB0-122, complete genome",0.274290683069788,0.152040191942288,0.217706354062671,0.355962770925252,NA
"48","ON792957.1 |Bovine coronavirus strain ABGEB0-128, complete genome",0.274231678486998,0.152045079180025,0.217753165581787,0.35597007675119,NA
"49","ON792958.1 |Bovine coronavirus strain ABGEBB-78, complete genome",0.274123658000259,0.152276548958738,0.217694994179278,0.355904798861726,NA
"50","ON792959.1 |Bovine coronavirus strain ABGEBB-108, complete genome",0.274238762687289,0.152376349283068,0.217431931690027,0.355952956339617,NA
"51","ON792960.1 |Bovine coronavirus strain ABGEBB-110, complete genome",0.274468221836643,0.152271704903284,0.217531007004691,0.355729066255382,NA
"52","ON792961.1 |Bovine coronavirus strain ABGEBB-115, complete genome",0.274532485058801,0.152368099736521,0.217273954116059,0.355825461088619,NA
"53","ON792962.1 |Bovine coronavirus strain ABGEBB-129, complete genome",0.274213836477987,0.152394775036284,0.217287534268666,0.356103854217062,NA
"54","ON792963.1 |Bovine coronavirus strain ABGEDB-205, complete genome",0.274542106793294,0.15204961721097,0.217495235326421,0.355913040669316,NA
"55","ON792964.1 |Bovine coronavirus strain ABGEDB-260, complete genome",0.274150931236708,0.152349036540568,0.217277824321712,0.356222207901012,NA
"56","ON093194.1 |Bovine coronavirus strain BCoV2/2021/CHN, complete genome",0.273513373987675,0.152550575936502,0.217791114122544,0.35614493595328,NA
"57","ON146444.1 |Bovine coronavirus strain MARC/BRCV_2014, complete genome",0.273471756512768,0.152921072994583,0.21811323188032,0.355493938612329,NA
"58","LC642814.1 |Bovine coronavirus BoCoV GF2020 RNA, complete genome",0.273319361599226,0.152700306303402,0.217991294534902,0.35598903756247,NA
"59","MW711287.1 |Bovine coronavirus isolate SWUN/NMG-D10/2020, complete genome",0.27328431372549,0.152476780185759,0.21797600619195,0.356262899896801,NA
"60","MN982198.1 |Bovine coronavirus isolate BCOV-China/SWUN/A1/2018, complete genome",0.273615320136695,0.152105229221742,0.218002450190212,0.356277000451351,NA
"61","MN982199.1 |Bovine coronavirus isolate BCOV-China/SWUN/A10/2018, complete genome",0.273881655279103,0.152120665205621,0.21796441923424,0.356033260281036,NA
"62","LC494126.1 |Bovine coronavirus GIF-1 RNA, complete genome",0.27301218054344,0.152305256696068,0.217892798294078,0.356789764466415,NA
"63","LC494127.1 |Bovine coronavirus IWT-9 RNA, complete genome",0.2731737262124,0.152692966301573,0.217763561758909,0.356369745727117,NA
"64","LC494128.1 |Bovine coronavirus IWT-10 RNA, complete genome",0.272888802739549,0.152904309620728,0.218033210570524,0.356173677069199,NA
"65","LC494129.1 |Bovine coronavirus IWT-1 RNA, complete genome",0.273485485226611,0.152485937803065,0.217947889054115,0.356080687916209,NA
"66","LC494130.1 |Bovine coronavirus IWT-2 RNA, complete genome",0.273211862764102,0.152161271564257,0.217936292563158,0.356690573108484,NA
"67","LC494131.1 |Bovine coronavirus IWT-3 RNA, complete genome",0.273073816830884,0.152705540300436,0.218058471975448,0.356162170893232,NA
"68","LC494132.1 |Bovine coronavirus IWT-4 RNA, complete genome",0.273114944756736,0.152678167603541,0.218000904568069,0.356205983071655,NA
"69","LC494133.1 |Bovine coronavirus IWT-5 RNA, complete genome",0.273373392776378,0.152128965561801,0.21758092653615,0.35691671512567,NA
"70","LC494134.1 |Bovine coronavirus IWT-6 RNA, complete genome",0.273076798811024,0.152369874963652,0.21792510742787,0.356628218797454,NA
"71","LC494135.1 |Bovine coronavirus IWT-7 RNA, complete genome",0.273452900306996,0.151494587170787,0.217579576668282,0.357472935853934,NA
"72","LC494136.1 |Bovine coronavirus IWT-8 RNA, complete genome",0.273455932258169,0.15141721340616,0.217607704986911,0.357519149348761,NA
"73","LC494137.1 |Bovine coronavirus IWT-11 RNA, complete genome",0.273270653613777,0.152660657167781,0.218118962230623,0.355949726987819,NA
"74","LC494138.1 |Bovine coronavirus IWT-12 RNA, complete genome",0.273179556761646,0.152807391613362,0.218000904568069,0.356012147056923,NA
"75","LC494139.1 |Bovine coronavirus IWT-13 RNA, complete genome",0.273285501906793,0.152931290802146,0.217859220477022,0.355923986814039,NA
"76","LC494140.1 |Bovine coronavirus IWT-14 RNA, complete genome",0.273441287695142,0.15233200814506,0.217783380199748,0.35644332396005,NA
"77","LC494141.1 |Bovine coronavirus IWT-15 RNA, complete genome",0.273021001615509,0.152956381260097,0.218029079159935,0.355993537964459,NA
"78","LC494142.1 |Bovine coronavirus IWT-18 RNA, complete genome",0.273244168766557,0.152645861601085,0.217903986560703,0.356205983071655,NA
"79","LC494143.1 |Bovine coronavirus IWT-19 RNA, complete genome",0.273276474769012,0.152645861601085,0.217903986560703,0.356173677069199,NA
"80","LC494144.1 |Bovine coronavirus IWT-20 RNA, complete genome",0.273211862764102,0.152645861601085,0.217839374555792,0.35630290107902,NA
"81","LC494145.1 |Bovine coronavirus IWT-21 RNA, complete genome",0.272985720746915,0.153001227628093,0.218000904568069,0.356012147056923,NA
"82","LC494146.1 |Bovine coronavirus IWT-16 RNA, complete genome",0.272985720746915,0.153001227628093,0.218000904568069,0.356012147056923,NA
"83","LC494147.1 |Bovine coronavirus IWT-17 RNA, complete genome",0.273461737331955,0.152016546018614,0.218006721820062,0.356514994829369,NA
"84","LC494148.1 |Bovine coronavirus IWT-22 RNA, complete genome",0.273444063853164,0.152039035739676,0.217960317973244,0.356556582433917,NA
"85","LC494149.1 |Bovine coronavirus IWT-23 RNA, complete genome",0.27349405377456,0.152016546018614,0.217974405377456,0.356514994829369,NA
"86","LC494150.1 |Bovine coronavirus IWT-24 RNA, complete genome",0.273405698778833,0.152290495574078,0.217936292563158,0.356367513083931,NA
"87","LC494151.1 |Bovine coronavirus IWT-25 RNA, complete genome",0.273464508416529,0.152111401893315,0.217957416561662,0.356466673128493,NA
"88","LC494152.1 |Bovine coronavirus IWT-26 RNA, complete genome",0.273473344103393,0.152116316639742,0.217964458804523,0.356445880452342,NA
"89","LC494153.1 |Bovine coronavirus IWT-27 RNA, complete genome",0.273235522233713,0.152113495346432,0.217974405377456,0.356676577042399,NA
"90","LC494154.1 |Bovine coronavirus SHG-1 RNA, complete genome",0.273467804499612,0.151377036462374,0.217610550814585,0.357544608223429,NA
"91","LC494155.1 |Bovine coronavirus SHG-2 RNA, complete genome",0.273450126058569,0.151399573340229,0.217596483289159,0.357553817312043,NA
"92","LC494156.1 |Bovine coronavirus SHG-3 RNA, complete genome",0.272768405403658,0.152672742550578,0.21834399844871,0.356214853597053,NA
"93","LC494157.1 |Bovine coronavirus SHG-4 RNA, complete genome",0.273188382386198,0.15278002132265,0.217749491164023,0.356282105127128,NA
"94","LC494158.1 |Bovine coronavirus SHG-5 RNA, complete genome",0.272891760904685,0.152859450726979,0.218061389337641,0.356187399030695,NA
"95","LC494159.1 |Bovine coronavirus SHG-6 RNA, complete genome",0.273273661421139,0.152615762432546,0.218147154813068,0.355963421333247,NA
"96","LC494160.1 |Bovine coronavirus TCG-4 RNA, complete genome",0.273244168766557,0.152710473605996,0.217936292563158,0.356109065064289,NA
"97","LC494161.1 |Bovine coronavirus TCG-5 RNA, complete genome",0.273432449903038,0.152521008403361,0.218002585649644,0.356043956043956,NA
"98","LC494162.1 |Bovine coronavirus TCG-3 RNA, complete genome",0.273273855702095,0.1529609516421,0.217901474010861,0.355863718644944,NA
"99","LC494163.1 |Bovine coronavirus TCG-2 RNA, complete genome",0.273259386217379,0.152701872392717,0.217993079584775,0.356045661805129,NA
"100","LC494164.1 |Bovine coronavirus TCG-1 RNA, complete genome",0.273238344479985,0.152919130238118,0.217828180026493,0.356014345255404,NA
"101","LC494165.1 |Bovine coronavirus TCG-10 RNA, complete genome",0.273297548987907,0.152719394684085,0.21800426825325,0.355978788074759,NA
"102","LC494166.1 |Bovine coronavirus TCG-11 RNA, complete genome",0.273291523889571,0.152582918471585,0.217915562164609,0.356209995474235,NA
"103","LC494167.1 |Bovine coronavirus TCG-12 RNA, complete genome",0.273382457501131,0.152575786956241,0.217891539008467,0.356150216534161,NA
"104","LC494168.1 |Bovine coronavirus TCG-13 RNA, complete genome",0.273408723747981,0.152536348949919,0.217802907915994,0.356252019386107,NA
"105","LC494169.1 |Bovine coronavirus TCG-14 RNA, complete genome",0.273388269510422,0.152787203102278,0.217773469058006,0.356051058329294,NA
"106","LC494170.1 |Bovine coronavirus TCG-15 RNA, complete genome",0.273611739608249,0.152692481737669,0.217628805999095,0.356066972654987,NA
"107","LC494171.1 |Bovine coronavirus TCG-16 RNA, complete genome",0.273435479700026,0.152637703646237,0.217772174812516,0.356154641841221,NA
"108","LC494172.1 |Bovine coronavirus TCG-6 RNA, complete genome",0.273423365210649,0.15272034117343,0.217885758593952,0.35597053502197,NA
"109","LC494173.1 |Bovine coronavirus TCG-7 RNA, complete genome",0.273367581015153,0.152692966301573,0.217666634357533,0.356272818325741,NA
"110","LC494174.1 |Bovine coronavirus TCG-8 RNA, complete genome",0.273270653613777,0.152628348033989,0.217795870892701,0.356305127459533,NA
"111","LC494175.1 |Bovine coronavirus TCG-18 RNA, complete genome",0.273488251834136,0.152548398565011,0.217704663714812,0.356258685886041,NA
"112","LC494176.1 |Bovine coronavirus TCG-17 RNA, complete genome",0.273485215705284,0.152593310712555,0.217676522863144,0.356244950719018,NA
"113","LC494177.1 |Bovine coronavirus TCG-9 RNA, complete genome",0.273306180501681,0.152249806051202,0.218030773209206,0.356413240237911,NA
"114","LC494178.1 |Bovine coronavirus TCG-19 RNA, complete genome",0.272965200814243,0.152929012245953,0.218003812724159,0.356101974215645,NA
"115","LC494179.1 |Bovine coronavirus TCG-20 RNA, complete genome",0.273015257305405,0.152734678044996,0.218063098008792,0.356186966640807,NA
"116","LC494180.1 |Bovine coronavirus TCG-21 RNA, complete genome",0.273538252690779,0.152202721484211,0.218041953521445,0.356217072303565,NA
"117","LC494181.1 |Bovine coronavirus TCG-22 RNA, complete genome",0.27351809332859,0.152119781392491,0.218090094751479,0.356272030527439,NA
"118","LC494182.1 |Bovine coronavirus TCG-23 RNA, complete genome",0.273561732385262,0.152197802197802,0.2180349062702,0.356205559146736,NA
"119","LC494183.1 |Bovine coronavirus TCG-24 RNA, complete genome",0.273112231704163,0.152411430049134,0.217804499612102,0.3566718386346,NA
"120","LC494184.1 |Bovine coronavirus TCG-25 RNA, complete genome",0.273109243697479,0.152424046541694,0.217840982546865,0.356625727213963,NA
"121","LC494185.1 |Bovine coronavirus TCG-26 RNA, complete genome",0.273091590718118,0.152478831361903,0.217826901945576,0.356602675974404,NA
"122","LC494186.1 |Bovine coronavirus TCG-27 RNA, complete genome",0.273123909249564,0.152511149893349,0.21779458341413,0.356570357442958,NA
"123","LC494187.1 |Bovine coronavirus TCG-28 RNA, complete genome",0.273141564318035,0.152488687782805,0.217776341305753,0.356593406593407,NA
"124","LC494188.1 |Bovine coronavirus TCG-29 RNA, complete genome",0.273123909249564,0.152511149893349,0.217697627819792,0.356667313037296,NA
"125","LC494189.1 |Bovine coronavirus TCG-30 RNA, complete genome",0.2731357274461,0.152341856029996,0.217797459352878,0.356724957171025,NA
"126","LC494190.1 |Bovine coronavirus TCG-31 RNA, complete genome",0.273092109521652,0.152275228170108,0.217683992491423,0.356948669816817,NA
"127","LC494191.1 |Bovine coronavirus TCG-32 RNA, complete genome",0.273123909249564,0.152543468424795,0.21779458341413,0.356538038911512,NA
"128","LC494192.1 |Bovine coronavirus TCG-33 RNA, complete genome",0.273091590718118,0.152511149893349,0.217826901945576,0.356570357442958,NA
"129","MG757138.1 |Bovine coronavirus isolate ICSA21-LBA, complete genome",0.273667923798472,0.152596460690455,0.218064017019631,0.355671598491442,NA
"130","MG757139.1 |Bovine coronavirus isolate ICSA16-EN, complete genome",0.273881655279103,0.152668557431997,0.218254479824674,0.355195307464226,NA
"131","MG757140.1 |Bovine coronavirus isolate ICSA16-LBA, complete genome",0.27349793708097,0.152688241361527,0.21834708612687,0.355466735430634,NA
"132","MG757141.1 |Bovine coronavirus isolate ICSA-pool-EN, complete genome",0.273735452464618,0.152648376801315,0.218253328605049,0.355362842129018,NA
"133","MG757142.1 |Bovine coronavirus isolate ICSA-pool-LBA, complete genome",0.274064733081126,0.152261777734666,0.21844989814725,0.355223591036958,NA
"134","MH043952.1 |Bovine coronavirus isolate 4-17-03, complete genome",0.273316354492408,0.152261517134659,0.218059898771721,0.356362229601212,NA
"135","MH043953.1 |Bovine coronavirus isolate 4-17-25, complete genome",0.273330755349317,0.152262180974478,0.218290796597061,0.356116267079144,NA
"136","MH043954.1 |Bovine coronavirus isolate 4-17-08, complete genome",0.273471756512768,0.152695383028115,0.218274438999226,0.355558421459892,NA
"137","MH043955.1 |Bovine coronavirus isolate 7-16-23, complete genome",0.273427429749936,0.152777777777778,0.218258571796855,0.355536220675432,NA
"138","MG518518.1 |Water deer coronavirus isolate W17-18, complete genome",0.273442031320487,0.152961268286396,0.218051169684862,0.355545530708255,NA
"139","KX982264.1 |Bovine coronavirus isolate BCoV_2014_13, complete genome",0.273543618504231,0.15236489772101,0.217946639867734,0.356144843907025,NA
"140","KU886219.1 |Bovine coronavirus strain BCV-AKS-01, complete genome",0.273607748184019,0.152219531880549,0.21772397094431,0.356448748991122,NA
"141","FJ938063.1 |Bovine coronavirus E-DB2-TC, complete genome",0.273421884067316,0.153007930878845,0.218324843639177,0.355245341414662,NA
"142","FJ938064.1 |Bovine coronavirus E-AH187-TC, complete genome",0.273689304726569,0.153121471205033,0.217970640425875,0.355218583642523,NA
"143","FJ938065.1 |Bovine respiratory coronavirus AH187, complete genome",0.27382220930608,0.152927120669056,0.21795989537925,0.355290774645613,NA
"144","FJ938066.1 |Bovine respiratory coronavirus bovine/US/OH-440-TC/1996, complete genome",0.273990306946688,0.152180936995153,0.217996768982229,0.355831987075929,NA
"145","FJ425184.1 |Waterbuck coronavirus US/OH-WD358-TC/1994, complete genome",0.273721567994838,0.152572995644459,0.217970640425875,0.355734795934828,NA
"146","FJ425185.1 |Waterbuck coronavirus US/OH-WD358-GnC/1994, complete genome",0.273732182682052,0.152525938136333,0.217977310191021,0.355764568990594,NA
"147","FJ425186.1 |Waterbuck coronavirus US/OH-WD358/1994, complete genome",0.273916413668368,0.15241263484271,0.217944577223694,0.355726374265228,NA
"148","FJ425187.1 |White-tailed deer coronavirus US/OH-WD470/1994, complete genome",0.273436492585429,0.152869116698904,0.218343004513217,0.35535138620245,NA
"149","FJ425188.1 |Sambar deer coronavirus US/OH-WD388-TC/1994, complete genome",0.273721567994838,0.152379416034844,0.218002903694144,0.355896112276174,NA
"150","FJ425189.1 |Sambar deer coronavirus US/OH-WD388/1994, complete genome",0.273906310491676,0.15240676216286,0.217995870434895,0.355691056910569,NA
"151","FJ425190.1 |Sambar deer coronavirus US/OH-WD388-TC/1994 calf-passaged, complete genome",0.273824507051344,0.152451027850389,0.217962371317004,0.355762093781263,NA
"152","AB354579.1 |Bovine coronavirus genomic RNA, complete genome, strain: Kakegawa",0.27347122881629,0.151878342676719,0.218506347058444,0.356144081448547,NA
"153","EF424615.1 |Bovine coronavirus E-AH65, complete genome",0.273591901215463,0.152722700454589,0.218106199825902,0.355579198504046,NA
"154","EF424616.1 |Bovine coronavirus E-AH65-TC, complete genome",0.273425896028415,0.152825314820794,0.218178882789797,0.355569906360995,NA
"155","EF424617.1 |Bovine coronavirus R-AH65, complete genome",0.273501241575027,0.152794350027411,0.218259215066594,0.355445193330968,NA
"156","EF424618.1 |Bovine coronavirus R-AH65-TC, complete genome",0.273492965018717,0.152672002065316,0.218213502000774,0.355621530915193,NA
"157","EF424619.1 |Bovine coronavirus E-AH187, complete genome",0.273865769205877,0.152384958902336,0.218367743188143,0.355381528703644,NA
"158","EF424620.1 |Bovine coronavirus R-AH187, complete genome",0.273543469835939,0.15327477070146,0.217962795504457,0.355218963958145,NA
"159","EF424621.1 |Sable antelope coronavirus US/OH1/2003, complete genome",0.273689304726569,0.152605258912728,0.218099693498951,0.355605742861752,NA
"160","EF424622.1 |Giraffe coronavirus US/OH3-TC/2006, complete genome",0.273733819684302,0.152425836857226,0.218083217663579,0.355757125794893,NA
"161","EF424623.1 |Giraffe coronavirus US/OH3/2003, complete genome",0.273788787820141,0.152538545900264,0.218082704341655,0.35558996193794,NA
"162","EF424624.1 |Calf-giraffe coronavirus US/OH3/2006, complete genome",0.273733819684302,0.152490396720359,0.218083217663579,0.35569256593176,NA
"163","DQ915164.2 |Bovine coronavirus isolate Alpaca, complete genome",0.274488351139143,0.152883253958038,0.217692109666624,0.354936285236195,NA
"164","DQ811784.2 |Bovine coronavirus DB2, complete genome",0.27332537814042,0.153029960976554,0.218337794691521,0.355306866191505,NA
"165","AF391542.1 |Bovine coronavirus isolate BCoV-LUN, complete genome",0.27349490782519,0.152861931158953,0.218254479824674,0.355388681191182,NA
"166","AF220295.1 |Bovine coronavirus strain Quebec, complete genome",0.274726688102894,0.151479099678457,0.218327974276527,0.355466237942122,NA
"167","AF391541.1 |Bovine coronavirus isolate BCoV-ENT, complete genome",0.273527136779683,0.153151991749388,0.218093335052211,0.355227536418719,NA
"168","U00735.2 |Bovine coronavirus strain Mebus, complete genome",0.273588553750967,0.151875483372003,0.218290796597061,0.356245166279969,NA
