"","current_seq_name","a_ratio","c_ratio","g_ratio","t_ratio","date"
"2","KC164505.2 |Betacoronavirus England 1, complete genome",0.262262960379928,0.202450931553253,0.209325495666036,0.325960612400784,NA
"3","KC667074.1 |Human betacoronavirus 2c England-Qatar/2012, complete genome",0.262254250797024,0.202444208289054,0.209351753453773,0.325949787460149,NA
"4","KJ556336.1 |Middle East respiratory syndrome coronavirus isolate Jeddah_1_2013, complete genome",0.262194713951154,0.202341920374707,0.209434593509535,0.326028772164604,NA
"5","KJ156881.1 |Middle East respiratory syndrome coronavirus isolate Wadi-Ad-Dawasir_1_2013, complete genome",0.262185992347363,0.202329063383796,0.209416070537348,0.326068873731492,NA
"6","KJ156949.1 |Middle East respiratory syndrome coronavirus isolate Taif_1_2013, complete genome",0.2620861753452,0.202062884711362,0.209549159873565,0.326301780069872,NA
"7","KJ156944.1 |Middle East respiratory syndrome coronavirus isolate Riyadh_5_2013, complete genome",0.2620861753452,0.202229246381634,0.209449342871402,0.326235235401763,NA
"8","KJ156952.1 |Middle East respiratory syndrome coronavirus isolate Riyadh_4_2013, complete genome",0.262128169295268,0.202468889332535,0.209556132295202,0.325846809076995,NA
"9","KF600613.1 |Middle East respiratory syndrome coronavirus isolate Riyadh_3_2013, complete genome",0.262182749559259,0.202308485513754,0.209493397199215,0.326015367727772,NA
"10","KF192507.1 |Middle East respiratory syndrome coronavirus, complete genome",0.262457258573183,0.20256946519271,0.209341699033961,0.325631577200146,NA
"11","MH259485.1 |Middle East respiratory syndrome-related coronavirus isolate KSA_1722, complete genome",0.261843811296918,0.202566574686658,0.209481698194754,0.32610791582167,NA
"12","MH259486.1 |Middle East respiratory syndrome-related coronavirus isolate KSA_1723, complete genome",0.262429012653183,0.202417721098602,0.20915944339278,0.325993822855435,NA
"13","MK039552.1 |Middle East respiratory syndrome-related coronavirus isolate Hu/Jordan-201440011123/2014, complete genome",0.262424061348471,0.202270690170302,0.209242107359825,0.326063141121402,NA
"14","KY581693.1 |Middle East respiratory syndrome-related coronavirus strain Hu/UAE_032_2014, complete genome",0.262399575061417,0.202277405218777,0.209249053847686,0.32607396587212,NA
"15","KP223131.1 |Middle East respiratory syndrome coronavirus isolate Florida/USA-2_Saudi Arabia_2014, complete genome",0.262424061348471,0.202270690170302,0.209242107359825,0.326063141121402,NA
"16","KJ829365.1 |Middle East respiratory syndrome coronavirus strain Florida/USA-2_Saudi Arabia_2014, complete genome",0.262424061348471,0.202337084619726,0.209242107359825,0.325996746671978,NA
"17","MK039553.1 |Middle East respiratory syndrome-related coronavirus isolate Hu/Jordan-201440011858/2014, complete genome",0.262390864123759,0.202303887395014,0.209308501809249,0.325996746671978,NA
"18","MK052676.1 |Middle East respiratory syndrome-related coronavirus isolate Hu/Jordan-201440011858/2014, complete genome",0.262390864123759,0.202303887395014,0.209308501809249,0.325996746671978,NA
"19","KM027255.1 |Middle East respiratory syndrome coronavirus isolate Jeddah_C7149/KSA/2014-04-05, complete genome",0.261773454995154,0.202647147297704,0.209298439118955,0.326280958588188,"2014-04-05"
"20","KM027258.1 |Middle East respiratory syndrome coronavirus isolate Jeddah_C8826/KSA/2014-04-12, complete genome",0.26156529907075,0.202656915696602,0.209534033345634,0.326243751887014,"2014-04-12"
"21","KM027261.1 |Middle East respiratory syndrome coronavirus isolate Makkah_C9355/KSA/Makkah/2014-04-15, complete genome",0.261632392901473,0.202589821865879,0.209500486430273,0.326277298802375,"2014-04-15"
"22","KM027256.1 |Middle East respiratory syndrome coronavirus isolate Jeddah_C7569/KSA/2014-04-03, complete genome",0.261715355304499,0.202653920716625,0.209338859549435,0.32629186442944,"2014-04-03"
"23","KM027259.1 |Middle East respiratory syndrome coronavirus isolate Jeddah_C9055/KSA/2014-04-14, complete genome",0.261748779998663,0.202653920716625,0.209305434855271,0.32629186442944,"2014-04-14"
"24","KM027257.1 |Middle East respiratory syndrome coronavirus isolate Jeddah_C7770/KSA/2014-04-07, complete genome",0.261536911399207,0.202391348156109,0.209545240814133,0.32652649963055,"2014-04-07"
"25","KT861628.1 |Middle East respiratory syndrome-related coronavirus isolate Hu/Jordan-201440011123/2014, complete genome",0.26231142420416,0.202399149332093,0.209244367648036,0.326045058815711,NA
"26","KM027260.1 |Middle East respiratory syndrome coronavirus isolate Jeddah_C10306/KSA/2014-04-20, complete genome",0.261766084220392,0.202584186918391,0.209513289147754,0.326136439713463,"2014-04-20"
"27","KJ650098.1 |Middle East respiratory syndrome coronavirus isolate Camel/Qatar_2_2014, complete genome",0.262310323073347,0.202477006341933,0.209217385529767,0.325995285054952,NA
"28","KJ713295.1 |Middle East respiratory syndrome coronavirus isolate KSA-CAMEL-505, complete genome",0.262079500547936,0.20247069372032,0.209311592999701,0.326138212732043,NA
"29","KJ713296.1 |Middle East respiratory syndrome coronavirus isolate KSA-CAMEL-378, complete genome",0.262112708796865,0.202371068973533,0.20934480124863,0.326171420980972,NA
"30","KT877350.1 |Middle East respiratory syndrome coronavirus isolate KSA_1725, complete genome",0.262516600265604,0.202456839309429,0.20906374501992,0.325962815405046,NA
"31","KT877351.1 |Middle East respiratory syndrome coronavirus isolate KSA_1724, complete genome",0.261979340219927,0.202632455848051,0.209430189936688,0.325958013995335,NA
"32","KT368829.1 |Middle East respiratory syndrome coronavirus isolate camel/Jeddah/D33(b)/2014, complete genome",0.26226841091706,0.202005445248688,0.209310047147885,0.326416096686367,NA
"33","KT368832.1 |Middle East respiratory syndrome coronavirus isolate camel/Jeddah/D36/2014, complete genome",0.26226841091706,0.202005445248688,0.209310047147885,0.326416096686367,NA
"34","KT368830.1 |Middle East respiratory syndrome coronavirus isolate camel/Jeddah/D34/2014, complete genome",0.262292904810917,0.201998738337926,0.209303097712407,0.32640525913875,NA
"35","KT368831.1 |Middle East respiratory syndrome coronavirus isolate camel/Jeddah/D35/2014, complete genome",0.262168802709343,0.202105053456405,0.209310047147885,0.326416096686367,NA
"36","KJ713297.1 |Middle East respiratory syndrome coronavirus isolate KSA-CAMEL-503, complete genome",0.262270040512718,0.202331141661686,0.209138606628146,0.32626021119745,NA
"37","KX108944.1 |Middle East respiratory syndrome-related coronavirus isolate D1157/15, complete genome",0.262267849430214,0.202066513837669,0.209176384597495,0.326489252134622,NA
"38","KR011263.1 |Middle East respiratory syndrome coronavirus strain Hu/Riyadh-KSA-2345/2015, complete genome",0.262260765550239,0.202385699096225,0.209197235513025,0.32615629984051,NA
"39","KR011264.1 |Middle East respiratory syndrome coronavirus strain Hu/Riyadh-KSA-2343/2015, complete genome",0.262260765550239,0.202385699096225,0.209197235513025,0.32615629984051,NA
"40","KR011266.1 |Middle East respiratory syndrome coronavirus strain Hu/Riyadh-KSA-2049/2015, complete genome",0.262260765550239,0.202385699096225,0.209197235513025,0.32615629984051,NA
"41","KR011265.1 |Middle East respiratory syndrome coronavirus strain Hu/Riyadh-KSA-2466/2015, complete genome",0.262269479980063,0.202392423990696,0.209170958631002,0.326167137398239,NA
"42","KT368875.1 |Middle East respiratory syndrome coronavirus isolate camel/Riyadh/Ry179/2015, complete genome",0.262212333543652,0.202337860724604,0.209145551755056,0.326304253976688,NA
"43","KJ713298.1 |Middle East respiratory syndrome coronavirus isolate KSA-CAMEL-363, complete genome",0.262008443306851,0.202672605790646,0.20928763753615,0.326031313366353,NA
"44","KF600612.1 |Middle East respiratory syndrome coronavirus isolate Riyadh_1_2012, complete genome",0.26231580347936,0.202541329873931,0.209426870239164,0.325715996407544,NA
"45","KF600620.1 |Middle East respiratory syndrome coronavirus isolate Bisha_1_2012, complete genome",0.262362728785358,0.202495840266223,0.209484193011647,0.325657237936772,NA
"46","KF917527.1 |Middle East respiratory syndrome coronavirus isolate MERS-CoV-Jeddah-Camel-1, complete genome",0.261498777260393,0.202472278985629,0.209473719473384,0.326555224280594,NA
"47","KF958702.1 |Middle East respiratory syndrome coronavirus isolate MERS-CoV-Jeddah-human-1, complete genome",0.261498777260393,0.202472278985629,0.209473719473384,0.326555224280594,NA
"48","OL622035.1 |Middle East respiratory syndrome-related coronavirus isolate MERS-CoV_Riyadh_2016, complete genome",0.261952390478096,0.202307128092285,0.209241848369674,0.326498633059945,NA
"49","MG757605.1 |Middle East respiratory syndrome-related coronavirus isolate Hu/Riyadh-KSA-036D1N/2016, complete genome",0.262526581605529,0.202153110047847,0.20906432748538,0.326255980861244,NA
"50","MG011341.1 |Middle East respiratory syndrome-related coronavirus isolate Hu/Qasim-KSA-13922/2016, complete genome",0.26255980861244,0.202219564061669,0.208964646464646,0.326255980861244,NA
"51","MG011343.1 |Middle East respiratory syndrome-related coronavirus isolate Hu/Riyadh-KSA-14607/2016, complete genome",0.262593035619351,0.202219564061669,0.208964646464646,0.326222753854333,NA
"52","MG011352.2 |Middle East respiratory syndrome-related coronavirus isolate Hu/Qasim-KSA-893/2016, complete genome",0.26255980861244,0.202219564061669,0.208964646464646,0.326255980861244,NA
"53","MG011353.2 |Middle East respiratory syndrome-related coronavirus isolate Hu/Riyadh-KSA-19949/2016, complete genome",0.26255980861244,0.202086656034024,0.208997873471558,0.326355661881978,NA
"54","MG011355.2 |Middle East respiratory syndrome-related coronavirus isolate Hu/Riyadh-KSA-21155/2016, complete genome",0.262502076756936,0.202159827213823,0.209038046187074,0.326300049842166,NA
"55","MN654971.1 |Middle East respiratory syndrome-related coronavirus isolate Al-Hasa-SA2097/2015, complete genome",0.262387088204038,0.202078905419766,0.209119287991498,0.326414718384697,NA
"56","MN654976.1 |Middle East respiratory syndrome-related coronavirus isolate Al-Hasa-SA4839, complete genome",0.262296170834579,0.202284879279997,0.209192653847431,0.326226296037993,NA
"57","MN654984.1 |Middle East respiratory syndrome-related coronavirus isolate Al-Hasa-SA4819, complete genome",0.262221041445271,0.20221174282678,0.209285334750266,0.326281880977683,NA
"58","MN654990.1 |Middle East respiratory syndrome-related coronavirus isolate Al-Hasa-SA4535, complete genome",0.262187832093518,0.20211211477152,0.209285334750266,0.326414718384697,NA
"59","MN655004.1 |Middle East respiratory syndrome-related coronavirus isolate Al-Hasa-SA4554, complete genome",0.262187832093518,0.20221174282678,0.209285334750266,0.326315090329437,NA
"60","MN654997.1 |Middle East respiratory syndrome-related coronavirus isolate Al-Hasa-SA4809, complete genome",0.262320669500531,0.20221174282678,0.209252125398512,0.326215462274176,NA
"61","MN654982.1 |Middle East respiratory syndrome-related coronavirus isolate Al-Hasa-SA2557/2017, complete genome",0.261931742434342,0.20223970137315,0.209138781495801,0.326689774696707,NA
"62","MN655000.1 |Middle East respiratory syndrome-related coronavirus isolate Al-Hasa-SA2626/2017, complete genome",0.261931742434342,0.20223970137315,0.209138781495801,0.326689774696707,NA
"63","MH371127.1 |Middle East respiratory syndrome-related coronavirus isolate 2362, complete genome",0.262525316245559,0.202098343238487,0.209137089544806,0.326239250971148,NA
"64","MN654973.1 |Middle East respiratory syndrome-related coronavirus isolate Al-Hasa-SA1983/2015, complete genome",0.262486716259299,0.202145324123273,0.208986450584485,0.326381509032944,NA
"65","MN654991.1 |Middle East respiratory syndrome-related coronavirus isolate Al-Hasa-SA1989/2015, complete genome",0.262420297555792,0.202178533475027,0.209119287991498,0.326281880977683,NA
"66","MN654989.1 |Middle East respiratory syndrome-related coronavirus isolate Al-Hasa-SA2579/2017, complete genome",0.262462223107834,0.201819932914882,0.209059812028827,0.326658031948457,NA
"67","MN655008.1 |Middle East respiratory syndrome-related coronavirus isolate Al-Hasa-SA2696/2017, complete genome",0.262462223107834,0.201853143369533,0.209059812028827,0.326624821493806,NA
"68","MN655013.1 |Middle East respiratory syndrome-related coronavirus isolate Al-Hasa-SA2575, complete genome",0.262065057992268,0.202106385815225,0.209005465937875,0.326823090254633,NA
"69","MN654970.1 |Middle East respiratory syndrome-related coronavirus isolate Al-Hasa-SA2408/2016, complete genome",0.261931742434342,0.202173043594187,0.208972137048394,0.326923076923077,NA
"70","MN654975.1 |Middle East respiratory syndrome-related coronavirus isolate Al-Hasa-SA2407/2016, complete genome",0.262362591743881,0.201919564278835,0.208960180664873,0.326757663312411,NA
"71","MN654972.1 |Middle East respiratory syndrome-related coronavirus isolate Al-Hasa-SA2196/2016, complete genome",0.261931742434342,0.202273030262632,0.208972137048394,0.326823090254633,NA
"72","MN654980.1 |Middle East respiratory syndrome-related coronavirus isolate Al-Hasa-SA2108/2016, complete genome",0.261931742434342,0.202273030262632,0.209005465937875,0.326789761365151,NA
"73","MN654978.1 |Middle East respiratory syndrome-related coronavirus isolate Al-Hasa-SA2199/2016, complete genome",0.261898413544861,0.202439674710039,0.209038794827356,0.326623116917744,NA
"74","MN654992.1 |Middle East respiratory syndrome-related coronavirus isolate Al-Hasa-SA2247/2016, complete genome",0.262217202086309,0.202252416863227,0.20909604332082,0.326434337729644,NA
"75","MN654996.1 |Middle East respiratory syndrome-related coronavirus isolate Al-Hasa-SA2159/2016, complete genome",0.261880957141905,0.202426181430381,0.209058188362328,0.326634673065387,NA
"76","MN654994.1 |Middle East respiratory syndrome-related coronavirus isolate Al-Hasa-SA3228/2017, complete genome",0.261880990415335,0.202442758253461,0.209065495207668,0.326610756123536,NA
"77","MG011354.2 |Middle East respiratory syndrome-related coronavirus isolate Hu/Riyadh-KSA-20570/2016, complete genome",0.262526581605529,0.202219564061669,0.209031100478469,0.326222753854333,NA
"78","MG011359.2 |Middle East respiratory syndrome-related coronavirus isolate Hu/Riyadh-KSA-16559/2016, complete genome",0.262360446570973,0.202086656034024,0.20906432748538,0.326488569909623,NA
"79","KX154684.1 |Middle East respiratory syndrome-related coronavirus isolate Hu/Riyadh-KSA-11739/2016, complete genome",0.262535304867918,0.202159827213823,0.208938361854129,0.32636650606413,NA
"80","KX154686.1 |Middle East respiratory syndrome-related coronavirus isolate Hu/Riyadh-KSA-11898/2016, complete genome",0.262493354598618,0.202086656034024,0.209031100478469,0.326388888888889,NA
"81","KX154692.1 |Middle East respiratory syndrome-related coronavirus isolate Hu/Riyadh-KSA-12969/2016, complete genome",0.262493354598618,0.202086656034024,0.208997873471558,0.3264221158958,NA
"82","KX154693.1 |Middle East respiratory syndrome-related coronavirus isolate Hu/Riyadh-KSA-13127/2016, complete genome",0.262460127591707,0.202086656034024,0.209031100478469,0.3264221158958,NA
"83","MG011360.1 |Middle East respiratory syndrome-related coronavirus isolate Hu/Riyadh-KSA-K17000887/2017, complete genome",0.262426900584795,0.202153110047847,0.208931419457735,0.326488569909623,NA
"84","MG011361.1 |Middle East respiratory syndrome-related coronavirus isolate Hu/Riyadh-KSA-K17000405/2017, complete genome",0.262435620534973,0.202093370991859,0.208938361854129,0.32653264661904,NA
"85","MG011362.1 |Middle East respiratory syndrome-related coronavirus isolate Hu/Riyadh-KSA-K37029157/2016, complete genome",0.262460127591707,0.202153110047847,0.208898192450824,0.326488569909623,NA
"86","MT226604.1 |Middle East respiratory syndrome-related coronavirus isolate Camel/B5-02, complete genome",0.262534032804303,0.202105053456405,0.209077627996547,0.326283285742745,NA
"87","MT226606.1 |Middle East respiratory syndrome-related coronavirus isolate Camel/228, complete genome",0.262567235540208,0.202171458928216,0.209044425260641,0.326216880270934,NA
"88","MT226600.1 |Middle East respiratory syndrome-related coronavirus isolate Camel/B8-03, complete genome",0.262434424596587,0.202204661664121,0.209210438940169,0.326150474799123,NA
"89","MT226603.1 |Middle East respiratory syndrome-related coronavirus isolate Camel/219, complete genome",0.262500830068398,0.202237864400027,0.209144033468358,0.326117272063218,NA
"90","MT226601.1 |Middle East respiratory syndrome-related coronavirus isolate Camel/B5/02, complete genome",0.262633641012019,0.202071850720499,0.208944817052925,0.326349691214556,NA
"91","MT226605.1 |Middle East respiratory syndrome-related coronavirus isolate Camel/227, complete genome",0.262633641012019,0.20213825619231,0.20891161431702,0.326316488478651,NA
"92","MN654985.1 |Middle East respiratory syndrome-related coronavirus isolate Al-Hasa-SA1944, complete genome",0.261998400213305,0.201839754699373,0.208905479269431,0.327256365817891,NA
"93","MN654998.1 |Middle East respiratory syndrome-related coronavirus isolate Al-Hasa-SA2675/2017, complete genome",0.261998400213305,0.201839754699373,0.208905479269431,0.327256365817891,NA
"94","MN655003.1 |Middle East respiratory syndrome-related coronavirus isolate Al-Hasa-SA2679/2017, complete genome",0.261998400213305,0.201839754699373,0.208905479269431,0.327256365817891,NA
"95","MN655007.1 |Middle East respiratory syndrome-related coronavirus isolate Al-Hasa-SA1940, complete genome",0.261980937145904,0.201826301406385,0.208924881690329,0.327267879757382,NA
"96","MN655010.1 |Middle East respiratory syndrome-related coronavirus isolate Al-Hasa-SA2673/2017, complete genome",0.262031729102786,0.201906412478336,0.208905479269431,0.327156379149447,NA
"97","MN655002.1 |Middle East respiratory syndrome-related coronavirus isolate Al-Hasa-SA2677/2017, complete genome",0.261973802619738,0.201979802019798,0.208979102089791,0.327067293270673,NA
"98","MT226607.1 |Middle East respiratory syndrome-related coronavirus isolate Camel/1290, complete genome",0.262434424596587,0.20213825619231,0.209310047147885,0.326117272063218,NA
"99","MT226602.1 |Middle East respiratory syndrome-related coronavirus isolate Camel/211, complete genome",0.262534032804303,0.202237864400027,0.208978019788831,0.32625008300684,NA
"100","MG912607.1 |Middle East respiratory syndrome-related coronavirus strain Hu/Riyadh-KSA-9522/2017, complete genome",0.262598765022243,0.201779430316712,0.208950268906447,0.326671535754598,NA
"101","MG912608.1 |Middle East respiratory syndrome-related coronavirus strain Hu/Riyadh-KSA-9730/2017, complete genome",0.262631963349047,0.201746231989908,0.208917070579643,0.326704734081402,NA
"102","MG366880.1 |Middle East respiratory syndrome-related coronavirus strain Hu/Riyadh-KSA-7436/2017, complete genome",0.262649402390438,0.201726427622842,0.208930942895086,0.326693227091633,NA
"103","MH395139.1 |Middle East respiratory syndrome-related coronavirus isolate 2363, complete genome",0.262492114612039,0.202131544872008,0.208971081377204,0.32640525913875,NA
"104","MH454272.1 |Middle East respiratory syndrome-related coronavirus strain HCoV-EMC, complete genome",0.262724526046682,0.202231149772569,0.208805073209602,0.326239250971148,NA
"105","MG011358.2 |Middle East respiratory syndrome-related coronavirus isolate Hu/Riyadh-KSA-24241/2016, complete genome",0.262426900584795,0.202252791068581,0.209097554492291,0.326222753854333,NA
"106","MW545527.1 |Middle East respiratory syndrome-related coronavirus isolate D1189.5, complete genome",0.262565192837923,0.202272198784174,0.208882835597781,0.326279772780122,NA
"107","MW545528.1 |Middle East respiratory syndrome-related coronavirus isolate D1189.6, complete genome",0.262531973557453,0.202272198784174,0.208849616317311,0.326346211341062,NA
"108","KX108946.1 |Middle East respiratory syndrome-related coronavirus isolate D1189.1/15, complete genome",0.262400744210771,0.202166184923087,0.209010266121798,0.326422804744344,NA
"109","MN507638.1 |Middle East respiratory syndrome-related coronavirus isolate llama-passaged-Qatar15, complete genome",0.261911896913395,0.202477274997503,0.209136616388639,0.326474211700463,NA
"110","MK280984.2 |Middle East respiratory syndrome-related coronavirus isolate Qatar15, complete genome",0.261911896913395,0.202543868411414,0.209169913095595,0.326374321579596,NA
"111","KT368826.1 |Middle East respiratory syndrome coronavirus isolate camel/Riyadh/Ry84N/2014, complete genome",0.262465971715026,0.202310603545581,0.209116260540469,0.326107164198924,NA
"112","KT026453.1 |Middle East respiratory syndrome coronavirus strain Hu/Riyadh_KSA_2959_2015, complete genome",0.262602111974497,0.202065484492263,0.209038985189613,0.326293418343628,NA
"113","KT026455.1 |Middle East respiratory syndrome coronavirus isolate Hu/Riyadh_KSA_2959_2015, complete genome",0.262602111974497,0.202065484492263,0.209038985189613,0.326293418343628,NA
"114","KT368888.1 |Middle East respiratory syndrome coronavirus isolate camel/Taif/T98/2015, complete genome",0.262436076243608,0.202231520223152,0.209205020920502,0.326127382612738,NA
"115","MH029552.1 |Middle East respiratory syndrome-related coronavirus isolate Hu/Riyadh-KSA-008D3N/2015, complete genome",0.262357666899047,0.20207150682203,0.209308501809249,0.326262324469674,NA
"116","MG546330.1 |Middle East respiratory syndrome-related coronavirus strain Hu/Riyadh-KSA-023D1N/2015, complete genome",0.262375087148501,0.201985325852395,0.209256000796786,0.326383586202317,NA
"117","MG546331.1 |Middle East respiratory syndrome-related coronavirus strain Hu/Riyadh-KSA-023D3N/2015, complete genome",0.262390864123759,0.201971915147894,0.209275304584537,0.32636191614381,NA
"118","MG757593.1 |Middle East respiratory syndrome-related coronavirus isolate Hu/Riyadh-KSA-002D1N/2015, complete genome",0.262493354598618,0.202186337054758,0.209031100478469,0.326289207868155,NA
"119","KU851860.1 |Middle East respiratory syndrome-related coronavirus isolate Hu/Riyadh-KSA-16121/2015, complete genome",0.262460127591707,0.202153110047847,0.20906432748538,0.326322434875066,NA
"120","MG757594.1 |Middle East respiratory syndrome-related coronavirus isolate Hu/Riyadh-KSA-004D1S/2015, complete genome",0.262327219564062,0.202119883040936,0.209230462519936,0.326322434875066,NA
"121","MG520075.1 |Middle East respiratory syndrome-related coronavirus isolate Hu/Riyadh-KSA-023D1N/2015, complete genome",0.262260765550239,0.202086656034024,0.209263689526847,0.326388888888889,NA
"122","MG520076.1 |Middle East respiratory syndrome-related coronavirus isolate Hu/Riyadh-KSA-023D3N/2015, complete genome",0.262260765550239,0.202086656034024,0.209263689526847,0.326388888888889,NA
"123","KU851864.1 |Middle East respiratory syndrome-related coronavirus isolate Hu/Riyadh-KSA-16098/2015, complete genome",0.26229399255715,0.202119883040936,0.209230462519936,0.326355661881978,NA
"124","MG757596.1 |Middle East respiratory syndrome-related coronavirus isolate Hu/Riyadh-KSA-006D1S/2015, complete genome",0.262327219564062,0.202119883040936,0.209197235513025,0.326355661881978,NA
"125","MG757599.1 |Middle East respiratory syndrome-related coronavirus isolate Hu/Riyadh-KSA-009D1N/2015, complete genome",0.262260765550239,0.202252791068581,0.209230462519936,0.326255980861244,NA
"126","MG757600.1 |Middle East respiratory syndrome-related coronavirus isolate Hu/Riyadh-KSA-012D1S/2015, complete genome",0.262327219564062,0.202219564061669,0.209197235513025,0.326255980861244,NA
"127","MG757602.1 |Middle East respiratory syndrome-related coronavirus isolate Hu/Riyadh-KSA-015D1P/2015, complete genome",0.262327219564062,0.202153110047847,0.209230462519936,0.326289207868155,NA
"128","MG757603.1 |Middle East respiratory syndrome-related coronavirus isolate Hu/Riyadh-KSA-031D1N/2015, complete genome",0.26229399255715,0.202252791068581,0.209230462519936,0.326222753854333,NA
"129","KU851861.1 |Middle East respiratory syndrome-related coronavirus isolate Hu/Riyadh-KSA-16120/2015, complete genome",0.26229399255715,0.202219564061669,0.209230462519936,0.326255980861244,NA
"130","KU851862.1 |Middle East respiratory syndrome-related coronavirus isolate Hu/Riyadh-KSA-16117/2015, complete genome",0.26229399255715,0.202186337054758,0.209230462519936,0.326289207868155,NA
"131","MG757598.1 |Middle East respiratory syndrome-related coronavirus isolate Hu/Riyadh-KSA-008D3N/2015, complete genome",0.262194311536417,0.202252791068581,0.209263689526847,0.326289207868155,NA
"132","MG757595.1 |Middle East respiratory syndrome-related coronavirus isolate Hu/Riyadh-KSA-005D1S/2015, complete genome",0.262194311536417,0.202219564061669,0.209396597554492,0.326189526847422,NA
"133","MH306207.1 |Middle East respiratory syndrome-related coronavirus strain HCoV-EMC, complete genome",0.262525316245559,0.202131544872008,0.209137089544806,0.326206049337627,NA
"134","MF000457.1 |Middle East respiratory syndrome-related coronavirus isolate Hu/Amman-Jordan-12641/2015, complete genome",0.262457918069398,0.202059931335622,0.209193026899103,0.326289123695877,NA
"135","MF000458.1 |Middle East respiratory syndrome-related coronavirus isolate Hu/Amman-Jordan-13030/2015, complete genome",0.262639374271925,0.202163421534365,0.20898652021967,0.326210683974039,NA
"136","MF000460.1 |Middle East respiratory syndrome-related coronavirus isolate Hu/Amman-Jordan-12716/2015, complete genome",0.262639374271925,0.202130138126144,0.209019803627891,0.326210683974039,NA
"137","MF000459.1 |Middle East respiratory syndrome-related coronavirus isolate Hu/Amman-Jordan-12918/2015, complete genome",0.2628089812779,0.201945499367046,0.209107868612166,0.326137650742888,NA
"138","KX154694.1 |Middle East respiratory syndrome-related coronavirus isolate Hu/Artawiyah-KSA-13328/2016, complete genome",0.262468848645954,0.201894002325968,0.208905133743147,0.326732015284931,NA
"139","KT326819.1 |Middle East respiratory syndrome-related coronavirus strain MERS-CoV/KOR/KNIH/001_05_2015, complete genome",0.262577096182697,0.202067011168528,0.209234872478746,0.326121020170028,NA
"140","MG757604.1 |Middle East respiratory syndrome-related coronavirus isolate Hu/Riyadh-KSA-039D3T/2016, complete genome",0.262526581605529,0.202286018075492,0.208765284423179,0.3264221158958,NA
"141","KX154689.1 |Middle East respiratory syndrome-related coronavirus isolate Hu/Riyadh-KSA-10208/2016, complete genome",0.262526581605529,0.202252791068581,0.208732057416268,0.326488569909623,NA
"142","MG011348.1 |Middle East respiratory syndrome-related coronavirus isolate Hu/Riyadh-KSA-17756/2016, complete genome",0.262526581605529,0.202252791068581,0.20879851143009,0.3264221158958,NA
"143","MG011349.1 |Middle East respiratory syndrome-related coronavirus isolate Hu/Riyadh-KSA-17382/2016, complete genome",0.26255980861244,0.202286018075492,0.20879851143009,0.326355661881978,NA
"144","MG011350.1 |Middle East respiratory syndrome-related coronavirus isolate Hu/Riyadh-KSA-16849/2016, complete genome",0.2625685329789,0.202259511546769,0.208805449410201,0.32636650606413,NA
"145","MG011351.2 |Middle East respiratory syndrome-related coronavirus isolate Hu/Madinah-KSA-390/2016, complete genome",0.262526581605529,0.201986975013291,0.208964646464646,0.326521796916534,NA
"146","MG011356.1 |Middle East respiratory syndrome-related coronavirus isolate Hu/Riyadh-KSA-21891/2016, complete genome",0.262634989200864,0.201827546104004,0.20897158996511,0.326565874730022,NA
"147","MG011357.2 |Middle East respiratory syndrome-related coronavirus isolate Hu/Riyadh-KSA-24244/2016, complete genome",0.262725943646996,0.201820839978735,0.208765284423179,0.32668793195109,NA
"148","MG011340.1 |Middle East respiratory syndrome-related coronavirus isolate Hu/Riyadh-KSA-13798/2016, complete genome",0.262445995347291,0.20209371884347,0.208939847125291,0.326520438683948,NA
"149","MG011344.1 |Middle East respiratory syndrome-related coronavirus isolate Hu/Riyadh-KSA-14675/2016, complete genome",0.262468848645954,0.201894002325968,0.208938361854129,0.326698787173949,NA
"150","MG011346.1 |Middle East respiratory syndrome-related coronavirus isolate Hu/Riyadh-KSA-14949/2016, complete genome",0.262493354598618,0.201920520999468,0.208964646464646,0.326621477937267,NA
"151","KX154685.1 |Middle East respiratory syndrome-related coronavirus isolate Hu/Riyadh-KSA-11740/2016, complete genome",0.262493354598618,0.201986975013291,0.208964646464646,0.326555023923445,NA
"152","KX154688.1 |Middle East respiratory syndrome-related coronavirus isolate Hu/Riyadh-KSA-12160/2016, complete genome",0.262493354598618,0.201986975013291,0.208997873471558,0.326521796916534,NA
"153","KX154691.1 |Middle East respiratory syndrome-related coronavirus isolate Hu/Riyadh-KSA-12832/2016, complete genome",0.262493354598618,0.202219564061669,0.208864965443913,0.3264221158958,NA
"154","MG011345.2 |Middle East respiratory syndrome-related coronavirus isolate Hu/Riyadh-KSA-15385/2016, complete genome",0.262526581605529,0.201721158958001,0.209164008506114,0.326588250930356,NA
"155","KX154690.1 |Middle East respiratory syndrome-related coronavirus isolate Hu/Jeddah-KSA-161RS1146/2016, complete genome",0.262460127591707,0.201854066985646,0.209197235513025,0.326488569909623,NA
"156","MG011347.1 |Middle East respiratory syndrome-related coronavirus isolate Hu/Riyadh-KSA-14670/2016, complete genome",0.26255980861244,0.202153110047847,0.20906432748538,0.326222753854333,NA
"157","MG011342.2 |Middle East respiratory syndrome-related coronavirus isolate Hu/Riyadh-KSA-13984/2016, complete genome",0.262426900584795,0.201621477937267,0.20906432748538,0.326887293992557,NA
"158","KX154687.1 |Middle East respiratory syndrome-related coronavirus isolate Hu/Riyadh-KSA-11958/2016, complete genome",0.262393673577884,0.201820839978735,0.209097554492291,0.32668793195109,NA
"159","MW086527.1 |Middle East respiratory syndrome-related coronavirus isolate MERS-CoV/JC17/Azraq, complete genome",0.261692912063929,0.202229459758923,0.209414766813283,0.326662861363865,NA
"160","MW086528.1 |Middle East respiratory syndrome-related coronavirus isolate MERS-CoV/JC25/Ramtha, complete genome",0.261666554757269,0.202209091519506,0.209393674880816,0.326730678842409,NA
"161","MW086529.1 |Middle East respiratory syndrome-related coronavirus isolate MERS-CoV/JC28/Ramtha, complete genome",0.261641765989592,0.20221588047675,0.209400705052879,0.326741648480779,NA
"162","MW086530.1 |Middle East respiratory syndrome-related coronavirus isolate MERS-CoV/JC27/Ramtha, complete genome",0.26167533993621,0.202249454423367,0.209367131106262,0.326708074534162,NA
"163","MW086531.1 |Middle East respiratory syndrome-related coronavirus isolate MERS-CoV/JC26/Ramtha, complete genome",0.261676908095766,0.202243040864981,0.209395252006313,0.32668479903294,NA
"164","MW086532.1 |Middle East respiratory syndrome-related coronavirus isolate MERS-CoV/JC30/Ramtha, complete genome",0.261666554757269,0.202242664338951,0.209427247700262,0.326663533203518,NA
"165","MW086533.1 |Middle East respiratory syndrome-related coronavirus isolate MERS-CoV/JC37/Ramtha, complete genome",0.261712331064087,0.20235420369563,0.209329622053053,0.32660384318723,NA
"166","MW086534.1 |Middle East respiratory syndrome-related coronavirus isolate MERS-CoV/JC31/Ramtha, complete genome",0.26181854757594,0.202306712264467,0.209280493529136,0.326594246630457,NA
"167","MW086539.1 |Middle East respiratory syndrome-related coronavirus isolate MERS-CoV/JC33/Ramtha, complete genome",0.261856845777152,0.20232105722144,0.209297645401489,0.326524451599919,NA
"168","MW086535.1 |Middle East respiratory syndrome-related coronavirus isolate MERS-CoV/JC32/Ramtha, complete genome",0.261793797150042,0.202279966471081,0.209287510477787,0.32663872590109,NA
"169","MW086538.1 |Middle East respiratory syndrome-related coronavirus isolate MERS-CoV/JC44/Ramtha, complete genome",0.261753068204681,0.202333847495138,0.209308564147274,0.326604520152907,NA
"170","MW086536.1 |Middle East respiratory syndrome-related coronavirus isolate MERS-CoV/JC45/Ramtha, complete genome",0.260813649419128,0.203326617224675,0.205555793715437,0.33030393964076,NA
"171","MW086537.1 |Middle East respiratory syndrome-related coronavirus isolate MERS-CoV/JC38/Ramtha, complete genome",0.260809942146989,0.203342618384401,0.205528176558817,0.330319262909792,NA
"172","KT368869.1 |Middle East respiratory syndrome coronavirus isolate camel/Riyadh/Ry137/2015, complete genome",0.262462223107834,0.202052406097439,0.209259074756733,0.326226296037993,NA
"173","KT368879.1 |Middle East respiratory syndrome coronavirus isolate camel/Riyadh/Ry86/2015, complete genome",0.262364234231242,0.202079250672601,0.209253661939084,0.326302853157073,NA
"174","MT361640.1 |Mutant Middle East respiratory syndrome-related coronavirus clone MERS-CoV YKC, complete genome",0.26280860100876,0.201984337669233,0.209019113352801,0.326187947969206,NA
"175","MT387202.1 |Middle East respiratory syndrome-related coronavirus isolate KNIH_002, complete genome",0.262173653092407,0.202152394871454,0.209194180562014,0.326479771474125,NA
"176","MK796425.1 |Middle East respiratory syndrome-related coronavirus isolate KNIH/002_05_2015, complete genome",0.262173653092407,0.202152394871454,0.209194180562014,0.326479771474125,NA
"177","KT029139.1 |Middle East respiratory syndrome coronavirus isolate MERS-CoV/KOR/KNIH/002_05_2015, complete genome",0.262056596253487,0.202172180151455,0.209279925601169,0.326491297993889,NA
"178","KY688120.1 |Middle East respiratory syndrome-related coronavirus strain Hu/Hufuf-KSA-11002/2015, complete genome",0.262474254202379,0.202112816424158,0.209155537838017,0.326257391535446,NA
"179","KY688124.1 |Middle East respiratory syndrome-related coronavirus strain Hu/Hufuf-KSA-11401/2015, complete genome",0.262474254202379,0.202112816424158,0.209155537838017,0.326257391535446,NA
"180","KY688123.1 |Middle East respiratory syndrome-related coronavirus strain Hu/Hufuf-KSA-11150/2015, complete genome",0.262507474586406,0.20207959604013,0.20912231745399,0.326290611919474,NA
"181","KY688122.1 |Middle East respiratory syndrome-related coronavirus strain Hu/Hufuf-KSA-11767/2015, complete genome",0.262018031205296,0.202335407032835,0.20925513157457,0.326391430187298,NA
"182","KY688121.1 |Middle East respiratory syndrome-related coronavirus strain Hu/Hufuf-KSA-11442/2015, complete genome",0.261859582542694,0.202370252005726,0.209361163820367,0.326409001631213,NA
"183","KX034094.1 |Middle East respiratory syndrome coronavirus isolate MERS-CoV/KOR/Seoul/050-1-2015, complete genome",0.262196539470625,0.202085616552091,0.209292285211385,0.3264255587659,NA
"184","KX034095.1 |Middle East respiratory syndrome coronavirus isolate MERS-CoV/KOR/Seoul/066-2015, complete genome",0.262368019124776,0.202038647984594,0.209243641676074,0.326349691214556,NA
"185","KX034097.1 |Middle East respiratory syndrome coronavirus isolate MERS-CoV/KOR/Seoul/080-3-2015, complete genome",0.262368019124776,0.202005445248688,0.209243641676074,0.326382893950461,NA
"186","KX034100.1 |Middle East respiratory syndrome coronavirus isolate MERS-CoV/KOR/Seoul/177-3-2015, complete genome",0.262401221860681,0.202038647984594,0.209210438940169,0.326349691214556,NA
"187","KX034098.1 |Middle East respiratory syndrome coronavirus isolate MERS-CoV/KOR/Seoul/162-1-2015, complete genome",0.26210722115193,0.202119178901216,0.20929382847273,0.326479771474125,NA
"188","KX034096.1 |Middle East respiratory syndrome coronavirus isolate MERS-CoV/KOR/Seoul/077-2-2015, complete genome",0.262449305232365,0.201981251246593,0.209261352303703,0.326308091217339,NA
"189","KU308549.1 |Middle East respiratory syndrome-related coronavirus isolate Korea/Seoul/SNU1-035/2015, complete genome",0.262392509711478,0.202065141604967,0.209236694445367,0.326305654238189,NA
"190","KT806046.1 |Middle East respiratory syndrome coronavirus isolate Hu/Hufuf-KSA-11002/2015, complete genome",0.262369164313009,0.202159827213823,0.209170958631002,0.326300049842166,NA
"191","KX034099.1 |Middle East respiratory syndrome coronavirus isolate MERS-CoV/KOR/Seoul/169-2015, complete genome",0.262172035868482,0.202059116572567,0.209266024576553,0.326502822982398,NA
"192","KT368870.1 |Middle East respiratory syndrome coronavirus isolate camel/Riyadh/Ry159(b)/2015, complete genome",0.262238458983726,0.202158751245433,0.209232813018931,0.32636997675191,NA
"193","KT374050.1 |Middle East respiratory syndrome coronavirus isolate KOREA/Seoul/163-2-2015, complete genome",0.261573530890684,0.202373369984245,0.209345982367336,0.326707116757735,NA
"194","KT374051.1 |Middle East respiratory syndrome coronavirus isolate KOREA/Seoul/163-1-2015, complete genome",0.261573530890684,0.202373369984245,0.209345982367336,0.326707116757735,NA
"195","KT374052.1 |Middle East respiratory syndrome coronavirus isolate KOREA/Seoul/014-1-2015, complete genome",0.261573530890684,0.202406892159163,0.209345982367336,0.326673594582817,NA
"196","KT374053.1 |Middle East respiratory syndrome coronavirus isolate KOREA/Seoul/014-2-2015, complete genome",0.261607053065603,0.202406892159163,0.209312460192417,0.326673594582817,NA
"197","KT374054.1 |Middle East respiratory syndrome coronavirus isolate KOREA/Seoul/035-1-2015, complete genome",0.261540008715765,0.202440414334082,0.209379504542255,0.326640072407898,NA
"198","KT374055.1 |Middle East respiratory syndrome coronavirus isolate KOREA/Seoul/035-2-2015, complete genome",0.261540008715765,0.202440414334082,0.209379504542255,0.326640072407898,NA
"199","KT374056.1 |Middle East respiratory syndrome coronavirus isolate KOREA/Seoul/168-1-2015, complete genome",0.261506486540847,0.202339847809326,0.209413026717173,0.326740638932654,NA
"200","KT374057.1 |Middle East respiratory syndrome coronavirus isolate KOREA/Seoul/168-2-2015, complete genome",0.261506486540847,0.202306325634407,0.209413026717173,0.326774161107573,NA
"201","KT006149.2 |Middle East respiratory syndrome coronavirus strain ChinaGD01, complete genome",0.262436076243608,0.202065484492263,0.209171813774324,0.326326625489805,NA
"202","MG757597.1 |Middle East respiratory syndrome-related coronavirus isolate Hu/Riyadh-KSA-007D1N/2015, complete genome",0.262393673577884,0.202020202020202,0.209097554492291,0.326488569909623,NA
"203","KT806044.1 |Middle East respiratory syndrome coronavirus isolate Hu/Jeddah-KSA-C20843/2015, complete genome",0.262426900584795,0.202252791068581,0.20906432748538,0.326255980861244,NA
"204","KT806045.1 |Middle East respiratory syndrome coronavirus isolate Hu/Jeddah-KSA-C21271/2015, complete genome",0.262402392423991,0.202193055324805,0.209104502409038,0.326300049842166,NA
"205","KT806049.1 |Middle East respiratory syndrome coronavirus isolate Hu/Riyadh-KSA-3181/2015, complete genome",0.262493354598618,0.202219564061669,0.209097554492291,0.326189526847422,NA
"206","KT806054.1 |Middle East respiratory syndrome coronavirus isolate Hu/Najran-KSA-C20915/2015, complete genome",0.261929617780771,0.202559353426503,0.209227142616602,0.326283886176124,NA
"207","KT368833.1 |Middle East respiratory syndrome coronavirus isolate camel/Jeddah/D38(b)/2014, complete genome",0.262467627332492,0.202105053456405,0.209144033468358,0.326283285742745,NA
"208","KT368889.1 |Middle East respiratory syndrome coronavirus isolate camel/Taif/T150/2015, complete genome",0.262371305214215,0.202125539687811,0.209099966788442,0.326403188309532,NA
"209","KT368834.1 |Middle East respiratory syndrome coronavirus isolate camel/Jeddah/D40/2014, complete genome",0.262271670541348,0.202158751245433,0.209199601461309,0.32636997675191,NA
